image_width: 960
image_height: 720
camera_name: camera_front
camera_matrix:
  rows: 3
  cols: 3
  data: [916.02463,   0.     , 489.09328,
           0.     , 917.05277, 398.10929,
           0.     ,   0.     ,   1.     ]
distortion_model: plumb_bob
distortion_coefficients:
  rows: 1
  cols: 5
  data: [-0.020602, 0.082308, 0.003053, 0.008761, 0.000000]
rectification_matrix:
  rows: 3
  cols: 3
  data: [1., 0., 0.,
         0., 1., 0.,
         0., 0., 1.]
projection_matrix:
  rows: 3
  cols: 4
  data: [920.40314,   0.     , 495.64045,   0.     ,
           0.     , 928.12097, 398.97275,   0.     ,
           0.     ,   0.     ,   1.     ,   0.     ]
